G3dErrFileVersion 2025R1
FlagFileMetaData Begin
   Mesh Size - Setup1, Refinement, Pass #1, Freq. 1.420000e+09 :Title    
   Listing of mesh elements with poor quality. :ToolTip  
   hf3d :Author   
   1753335445 :TimeStamp
   mm :UnitName 
   1.0000000000000000e-03 :UnitConv
FlagFileMetaData End
BEGIN_ERR 
26 Small mesh segment detected on body : RadiatingSurface
 Small mesh segment detected on body : RadiatingSurface 
 Segment Statistics - Number of Segments : 1 --- Segment length(s) : 0.001967mm. The cutoff frequency for S-Matrix Only Solve is 1.52423124899432MHz 
2 -1  27  # nfids, fids[]
2 42  -1  # nbids, bids[]
      4 2 1 0 #ntets ntri ned npts
           1.1068146068305680e+01   4.9800718619602624e-01  -4.6266407376853769e+00 #xyz tv0
           8.5100541172194930e+00   4.9799338933300319e-01  -8.4550956904410608e+00 #xyz tv1
           1.2536178404259376e+01  -6.1228982139526389e-01  -6.2680892021296879e+00 #xyz tv2
           8.5101516587010693e+00   4.9995421396744461e-01  -8.4549768358029187e+00 -1 42 #xyz tv3 fid bid
           1.2141830239447412e+01   5.5470797182982343e+00  -1.2729342051437962e+01 #xyz tv0
           1.2536178404259376e+01  -6.1228982139526389e-01  -6.2680892021296879e+00 #xyz tv1
           8.5100541172194930e+00   4.9799338933300319e-01  -8.4550956904410608e+00 #xyz tv2
           8.5101516587010693e+00   4.9995421396744461e-01  -8.4549768358029187e+00 -1 42 #xyz tv3 fid bid
           8.4852813700000045e+00   5.0000000000000000e-01  -8.4852813700000045e+00 #xyz tv0
           8.5100541172194930e+00   4.9799338933300319e-01  -8.4550956904410608e+00 #xyz tv1
           1.1068146068305680e+01   4.9800718619602624e-01  -4.6266407376853769e+00 #xyz tv2
           8.5101516587010693e+00   4.9995421396744461e-01  -8.4549768358029187e+00 -1 42 #xyz tv3 fid bid
           1.2141830239447412e+01   5.5470797182982343e+00  -1.2729342051437962e+01 #xyz tv0
           8.5101516587010693e+00   4.9995421396744461e-01  -8.4549768358029187e+00 #xyz tv1
           8.5100541172194930e+00   4.9799338933300319e-01  -8.4550956904410608e+00 #xyz tv2
           8.4852813700000045e+00   5.0000000000000000e-01  -8.4852813700000045e+00 -1 42 #xyz tv3 fid bid
           8.5101516587010693e+00   4.9995421396744461e-01  -8.4549768358029187e+00 #xyz tv0
           8.5100541172194930e+00   4.9799338933300319e-01  -8.4550956904410608e+00 #xyz tv1
           8.4852813700000045e+00   5.0000000000000000e-01  -8.4852813700000045e+00 27 -1 #xyz tv2 fid bid
           1.1068146068305680e+01   4.9800718619602624e-01  -4.6266407376853769e+00 #xyz tv0
           8.5100541172194930e+00   4.9799338933300319e-01  -8.4550956904410608e+00 #xyz tv1
           8.5101516587010693e+00   4.9995421396744461e-01  -8.4549768358029187e+00 27 -1 #xyz tv2 fid bid
           8.5101516587010693e+00   4.9995421396744461e-01  -8.4549768358029187e+00 #xyz ev0
           8.5100541172194930e+00   4.9799338933300319e-01  -8.4550956904410608e+00 -1 42 #xyz ev1 fid bid
   0   0.000000000000e+00   0.000000000000e+00   0.000000000000e+00 #flag location
END_ERR 
BEGIN_ERR 
26 Small mesh segment detected on body : RadiatingSurface
 Small mesh segment detected on body : RadiatingSurface 
 Segment Statistics - Number of Segments : 1 --- Segment length(s) : 0.002035mm. The cutoff frequency for S-Matrix Only Solve is 1.47308545593674MHz 
2 -1  27  # nfids, fids[]
2 42  -1  # nbids, bids[]
      4 2 1 0 #ntets ntri ned npts
           1.1068146068305680e+01   4.9800718619602624e-01  -4.6266407376853769e+00 #xyz tv0
           1.2536178404259376e+01  -6.1228982139526389e-01  -6.2680892021296879e+00 #xyz tv1
           8.5100541172194930e+00   4.9799338933300319e-01  -8.4550956904410608e+00 #xyz tv2
           1.1068221064678516e+01   4.9597828137618200e-01  -4.6265004293399770e+00 -1 42 #xyz tv3 fid bid
           1.2536178404259376e+01  -6.1228982139526389e-01  -6.2680892021296879e+00 #xyz tv0
           1.1068146068305680e+01   4.9800718619602624e-01  -4.6266407376853769e+00 #xyz tv1
           1.1086554390000000e+01   5.0000000000000000e-01  -4.5922011899999999e+00 #xyz tv2
           1.1068221064678516e+01   4.9597828137618200e-01  -4.6265004293399770e+00 -1 42 #xyz tv3 fid bid
           8.4852813700000045e+00   5.0000000000000000e-01  -8.4852813700000045e+00 #xyz tv0
           1.1068146068305680e+01   4.9800718619602624e-01  -4.6266407376853769e+00 #xyz tv1
           8.5100541172194930e+00   4.9799338933300319e-01  -8.4550956904410608e+00 #xyz tv2
           1.1068221064678516e+01   4.9597828137618200e-01  -4.6265004293399770e+00 -1 42 #xyz tv3 fid bid
           8.4852813700000045e+00   5.0000000000000000e-01  -8.4852813700000045e+00 #xyz tv0
           1.1086554390000000e+01   5.0000000000000000e-01  -4.5922011899999999e+00 #xyz tv1
           1.1068146068305680e+01   4.9800718619602624e-01  -4.6266407376853769e+00 #xyz tv2
           1.1068221064678516e+01   4.9597828137618200e-01  -4.6265004293399770e+00 -1 42 #xyz tv3 fid bid
           1.1086554390000000e+01   5.0000000000000000e-01  -4.5922011899999999e+00 #xyz tv0
           1.1068221064678516e+01   4.9597828137618200e-01  -4.6265004293399770e+00 #xyz tv1
           1.1068146068305680e+01   4.9800718619602624e-01  -4.6266407376853769e+00 27 -1 #xyz tv2 fid bid
           8.5100541172194930e+00   4.9799338933300319e-01  -8.4550956904410608e+00 #xyz tv0
           1.1068146068305680e+01   4.9800718619602624e-01  -4.6266407376853769e+00 #xyz tv1
           1.1068221064678516e+01   4.9597828137618200e-01  -4.6265004293399770e+00 27 -1 #xyz tv2 fid bid
           1.1068221064678516e+01   4.9597828137618200e-01  -4.6265004293399770e+00 #xyz ev0
           1.1068146068305680e+01   4.9800718619602624e-01  -4.6266407376853769e+00 -1 42 #xyz ev1 fid bid
   0   0.000000000000e+00   0.000000000000e+00   0.000000000000e+00 #flag location
END_ERR 
BEGIN_ERR 
26 Small mesh segment detected on body : RadiatingSurface
 Small mesh segment detected on body : RadiatingSurface 
 Segment Statistics - Number of Segments : 1 --- Segment length(s) : 0.003497mm. The cutoff frequency for S-Matrix Only Solve is 857.263579940467kHz 
2 -1  27  # nfids, fids[]
2 42  -1  # nbids, bids[]
      3 2 1 0 #ntets ntri ned npts
           1.1097880171347427e+01   4.9756755007159803e-01   4.5548650921729399e+00 #xyz tv0
           1.5670223005324221e+01   2.5217547796695801e+00   3.1340446010648439e+00 #xyz tv1
           1.1996142511717480e+01   5.0189233599544025e-01   3.9165734908554073e-02 #xyz tv2
           1.1996169307675800e+01   4.9840595181726915e-01   3.8893670984244878e-02 -1 42 #xyz tv3 fid bid
           1.2000000000000002e+01   5.0000000000000000e-01   0.0000000000000000e+00 #xyz tv0
           1.1996142511717480e+01   5.0189233599544025e-01   3.9165734908554073e-02 #xyz tv1
           1.5670223005324221e+01   2.5217547796695801e+00   3.1340446010648439e+00 #xyz tv2
           1.1996169307675800e+01   4.9840595181726915e-01   3.8893670984244878e-02 -1 42 #xyz tv3 fid bid
           1.2000000000000002e+01   5.0000000000000000e-01   0.0000000000000000e+00 #xyz tv0
           1.1097880171347427e+01   4.9756755007159803e-01   4.5548650921729399e+00 #xyz tv1
           1.1996142511717480e+01   5.0189233599544025e-01   3.9165734908554073e-02 #xyz tv2
           1.1996169307675800e+01   4.9840595181726915e-01   3.8893670984244878e-02 -1 42 #xyz tv3 fid bid
           1.1996169307675800e+01   4.9840595181726915e-01   3.8893670984244878e-02 #xyz tv0
           1.2000000000000002e+01   5.0000000000000000e-01   0.0000000000000000e+00 #xyz tv1
           1.1996142511717480e+01   5.0189233599544025e-01   3.9165734908554073e-02 27 -1 #xyz tv2 fid bid
           1.1996142511717480e+01   5.0189233599544025e-01   3.9165734908554073e-02 #xyz tv0
           1.1097880171347427e+01   4.9756755007159803e-01   4.5548650921729399e+00 #xyz tv1
           1.1996169307675800e+01   4.9840595181726915e-01   3.8893670984244878e-02 27 -1 #xyz tv2 fid bid
           1.1996142511717480e+01   5.0189233599544025e-01   3.9165734908554073e-02 #xyz ev0
           1.1996169307675800e+01   4.9840595181726915e-01   3.8893670984244878e-02 -1 42 #xyz ev1 fid bid
   0   0.000000000000e+00   0.000000000000e+00   0.000000000000e+00 #flag location
END_ERR 
BEGIN_ERR 
26 Small mesh segment detected on body : RadiatingSurface
 Small mesh segment detected on body : RadiatingSurface 
 Segment Statistics - Number of Segments : 1 --- Segment length(s) : 0.003497mm. The cutoff frequency for S-Matrix Only Solve is 857.263579940467kHz 
2 -1  27  # nfids, fids[]
2 42  -1  # nbids, bids[]
      3 2 1 0 #ntets ntri ned npts
          -1.1097880171347427e+01   4.9756755007159803e-01  -4.5548650921729399e+00 #xyz tv0
          -1.5670223005324221e+01   2.5217547796695801e+00  -3.1340446010648439e+00 #xyz tv1
          -1.1996142511717480e+01   5.0189233599544025e-01  -3.9165734908554073e-02 #xyz tv2
          -1.1996169307675800e+01   4.9840595181726915e-01  -3.8893670984244878e-02 -1 42 #xyz tv3 fid bid
          -1.2000000000000002e+01   5.0000000000000000e-01   0.0000000000000000e+00 #xyz tv0
          -1.1996142511717480e+01   5.0189233599544025e-01  -3.9165734908554073e-02 #xyz tv1
          -1.5670223005324221e+01   2.5217547796695801e+00  -3.1340446010648439e+00 #xyz tv2
          -1.1996169307675800e+01   4.9840595181726915e-01  -3.8893670984244878e-02 -1 42 #xyz tv3 fid bid
          -1.2000000000000002e+01   5.0000000000000000e-01   0.0000000000000000e+00 #xyz tv0
          -1.1097880171347427e+01   4.9756755007159803e-01  -4.5548650921729399e+00 #xyz tv1
          -1.1996142511717480e+01   5.0189233599544025e-01  -3.9165734908554073e-02 #xyz tv2
          -1.1996169307675800e+01   4.9840595181726915e-01  -3.8893670984244878e-02 -1 42 #xyz tv3 fid bid
          -1.2000000000000002e+01   5.0000000000000000e-01   0.0000000000000000e+00 #xyz tv0
          -1.1996142511717480e+01   5.0189233599544025e-01  -3.9165734908554073e-02 #xyz tv1
          -1.1996169307675800e+01   4.9840595181726915e-01  -3.8893670984244878e-02 27 -1 #xyz tv2 fid bid
          -1.1996142511717480e+01   5.0189233599544025e-01  -3.9165734908554073e-02 #xyz tv0
          -1.1097880171347427e+01   4.9756755007159803e-01  -4.5548650921729399e+00 #xyz tv1
          -1.1996169307675800e+01   4.9840595181726915e-01  -3.8893670984244878e-02 27 -1 #xyz tv2 fid bid
          -1.1996142511717480e+01   5.0189233599544025e-01  -3.9165734908554073e-02 #xyz ev0
          -1.1996169307675800e+01   4.9840595181726915e-01  -3.8893670984244878e-02 -1 42 #xyz ev1 fid bid
   0   0.000000000000e+00   0.000000000000e+00   0.000000000000e+00 #flag location
END_ERR 
G3dErrFileVersion 2025R1
FlagFileMetaData Begin
   Mesh Size - Setup1, Refinement, Pass #2, Freq. 1.420000e+09 :Title    
   Listing of mesh elements with poor quality. :ToolTip  
   hf3d :Author   
   1753335454 :TimeStamp
   mm :UnitName 
   1.0000000000000000e-03 :UnitConv
FlagFileMetaData End
BEGIN_ERR 
26 Small mesh segment detected on body : RadiatingSurface
 Small mesh segment detected on body : RadiatingSurface 
 Segment Statistics - Number of Segments : 1 --- Segment length(s) : 0.001967mm. The cutoff frequency for S-Matrix Only Solve is 1.52423124899432MHz 
2 -1  27  # nfids, fids[]
2 42  -1  # nbids, bids[]
      4 2 1 0 #ntets ntri ned npts
           1.1068146068305680e+01   4.9800718619602624e-01  -4.6266407376853769e+00 #xyz tv0
           8.5100541172194930e+00   4.9799338933300319e-01  -8.4550956904410608e+00 #xyz tv1
           1.2536178404259376e+01  -6.1228982139526389e-01  -6.2680892021296879e+00 #xyz tv2
           8.5101516587010693e+00   4.9995421396744461e-01  -8.4549768358029187e+00 -1 42 #xyz tv3 fid bid
           1.2141830239447412e+01   5.5470797182982343e+00  -1.2729342051437962e+01 #xyz tv0
           1.2536178404259376e+01  -6.1228982139526389e-01  -6.2680892021296879e+00 #xyz tv1
           8.5100541172194930e+00   4.9799338933300319e-01  -8.4550956904410608e+00 #xyz tv2
           8.5101516587010693e+00   4.9995421396744461e-01  -8.4549768358029187e+00 -1 42 #xyz tv3 fid bid
           8.4852813700000045e+00   5.0000000000000000e-01  -8.4852813700000045e+00 #xyz tv0
           8.5100541172194930e+00   4.9799338933300319e-01  -8.4550956904410608e+00 #xyz tv1
           1.1068146068305680e+01   4.9800718619602624e-01  -4.6266407376853769e+00 #xyz tv2
           8.5101516587010693e+00   4.9995421396744461e-01  -8.4549768358029187e+00 -1 42 #xyz tv3 fid bid
           1.2141830239447412e+01   5.5470797182982343e+00  -1.2729342051437962e+01 #xyz tv0
           8.5101516587010693e+00   4.9995421396744461e-01  -8.4549768358029187e+00 #xyz tv1
           8.5100541172194930e+00   4.9799338933300319e-01  -8.4550956904410608e+00 #xyz tv2
           8.4852813700000045e+00   5.0000000000000000e-01  -8.4852813700000045e+00 -1 42 #xyz tv3 fid bid
           8.5101516587010693e+00   4.9995421396744461e-01  -8.4549768358029187e+00 #xyz tv0
           8.5100541172194930e+00   4.9799338933300319e-01  -8.4550956904410608e+00 #xyz tv1
           8.4852813700000045e+00   5.0000000000000000e-01  -8.4852813700000045e+00 27 -1 #xyz tv2 fid bid
           1.1068146068305680e+01   4.9800718619602624e-01  -4.6266407376853769e+00 #xyz tv0
           8.5100541172194930e+00   4.9799338933300319e-01  -8.4550956904410608e+00 #xyz tv1
           8.5101516587010693e+00   4.9995421396744461e-01  -8.4549768358029187e+00 27 -1 #xyz tv2 fid bid
           8.5101516587010693e+00   4.9995421396744461e-01  -8.4549768358029187e+00 #xyz ev0
           8.5100541172194930e+00   4.9799338933300319e-01  -8.4550956904410608e+00 -1 42 #xyz ev1 fid bid
   0   0.000000000000e+00   0.000000000000e+00   0.000000000000e+00 #flag location
END_ERR 
BEGIN_ERR 
26 Small mesh segment detected on body : RadiatingSurface
 Small mesh segment detected on body : RadiatingSurface 
 Segment Statistics - Number of Segments : 1 --- Segment length(s) : 0.002035mm. The cutoff frequency for S-Matrix Only Solve is 1.47308545593674MHz 
2 -1  27  # nfids, fids[]
2 42  -1  # nbids, bids[]
      4 2 1 0 #ntets ntri ned npts
           1.1068146068305680e+01   4.9800718619602624e-01  -4.6266407376853769e+00 #xyz tv0
           1.2536178404259376e+01  -6.1228982139526389e-01  -6.2680892021296879e+00 #xyz tv1
           8.5100541172194930e+00   4.9799338933300319e-01  -8.4550956904410608e+00 #xyz tv2
           1.1068221064678516e+01   4.9597828137618200e-01  -4.6265004293399770e+00 -1 42 #xyz tv3 fid bid
           1.2536178404259376e+01  -6.1228982139526389e-01  -6.2680892021296879e+00 #xyz tv0
           1.1068146068305680e+01   4.9800718619602624e-01  -4.6266407376853769e+00 #xyz tv1
           1.1086554390000000e+01   5.0000000000000000e-01  -4.5922011899999999e+00 #xyz tv2
           1.1068221064678516e+01   4.9597828137618200e-01  -4.6265004293399770e+00 -1 42 #xyz tv3 fid bid
           8.4852813700000045e+00   5.0000000000000000e-01  -8.4852813700000045e+00 #xyz tv0
           1.1068146068305680e+01   4.9800718619602624e-01  -4.6266407376853769e+00 #xyz tv1
           8.5100541172194930e+00   4.9799338933300319e-01  -8.4550956904410608e+00 #xyz tv2
           1.1068221064678516e+01   4.9597828137618200e-01  -4.6265004293399770e+00 -1 42 #xyz tv3 fid bid
           8.4852813700000045e+00   5.0000000000000000e-01  -8.4852813700000045e+00 #xyz tv0
           1.1086554390000000e+01   5.0000000000000000e-01  -4.5922011899999999e+00 #xyz tv1
           1.1068146068305680e+01   4.9800718619602624e-01  -4.6266407376853769e+00 #xyz tv2
           1.1068221064678516e+01   4.9597828137618200e-01  -4.6265004293399770e+00 -1 42 #xyz tv3 fid bid
           1.1086554390000000e+01   5.0000000000000000e-01  -4.5922011899999999e+00 #xyz tv0
           1.1068221064678516e+01   4.9597828137618200e-01  -4.6265004293399770e+00 #xyz tv1
           1.1068146068305680e+01   4.9800718619602624e-01  -4.6266407376853769e+00 27 -1 #xyz tv2 fid bid
           8.5100541172194930e+00   4.9799338933300319e-01  -8.4550956904410608e+00 #xyz tv0
           1.1068146068305680e+01   4.9800718619602624e-01  -4.6266407376853769e+00 #xyz tv1
           1.1068221064678516e+01   4.9597828137618200e-01  -4.6265004293399770e+00 27 -1 #xyz tv2 fid bid
           1.1068221064678516e+01   4.9597828137618200e-01  -4.6265004293399770e+00 #xyz ev0
           1.1068146068305680e+01   4.9800718619602624e-01  -4.6266407376853769e+00 -1 42 #xyz ev1 fid bid
   0   0.000000000000e+00   0.000000000000e+00   0.000000000000e+00 #flag location
END_ERR 
BEGIN_ERR 
26 Small mesh segment detected on body : RadiatingSurface
 Small mesh segment detected on body : RadiatingSurface 
 Segment Statistics - Number of Segments : 1 --- Segment length(s) : 0.003497mm. The cutoff frequency for S-Matrix Only Solve is 857.263579940467kHz 
2 -1  27  # nfids, fids[]
2 42  -1  # nbids, bids[]
      3 2 1 0 #ntets ntri ned npts
          -1.2000000000000002e+01   5.0000000000000000e-01   0.0000000000000000e+00 #xyz tv0
          -1.1996142511717480e+01   5.0189233599544025e-01  -3.9165734908554073e-02 #xyz tv1
          -1.5670223005324221e+01   2.5217547796695801e+00  -3.1340446010648439e+00 #xyz tv2
          -1.1996169307675800e+01   4.9840595181726915e-01  -3.8893670984244878e-02 -1 42 #xyz tv3 fid bid
          -1.1097880171347427e+01   4.9756755007159803e-01  -4.5548650921729399e+00 #xyz tv0
          -1.5670223005324221e+01   2.5217547796695801e+00  -3.1340446010648439e+00 #xyz tv1
          -1.1996142511717480e+01   5.0189233599544025e-01  -3.9165734908554073e-02 #xyz tv2
          -1.1996169307675800e+01   4.9840595181726915e-01  -3.8893670984244878e-02 -1 42 #xyz tv3 fid bid
          -1.2000000000000002e+01   5.0000000000000000e-01   0.0000000000000000e+00 #xyz tv0
          -1.1097880171347427e+01   4.9756755007159803e-01  -4.5548650921729399e+00 #xyz tv1
          -1.1996142511717480e+01   5.0189233599544025e-01  -3.9165734908554073e-02 #xyz tv2
          -1.1996169307675800e+01   4.9840595181726915e-01  -3.8893670984244878e-02 -1 42 #xyz tv3 fid bid
          -1.2000000000000002e+01   5.0000000000000000e-01   0.0000000000000000e+00 #xyz tv0
          -1.1996142511717480e+01   5.0189233599544025e-01  -3.9165734908554073e-02 #xyz tv1
          -1.1996169307675800e+01   4.9840595181726915e-01  -3.8893670984244878e-02 27 -1 #xyz tv2 fid bid
          -1.1996142511717480e+01   5.0189233599544025e-01  -3.9165734908554073e-02 #xyz tv0
          -1.1097880171347427e+01   4.9756755007159803e-01  -4.5548650921729399e+00 #xyz tv1
          -1.1996169307675800e+01   4.9840595181726915e-01  -3.8893670984244878e-02 27 -1 #xyz tv2 fid bid
          -1.1996142511717480e+01   5.0189233599544025e-01  -3.9165734908554073e-02 #xyz ev0
          -1.1996169307675800e+01   4.9840595181726915e-01  -3.8893670984244878e-02 -1 42 #xyz ev1 fid bid
   0   0.000000000000e+00   0.000000000000e+00   0.000000000000e+00 #flag location
END_ERR 
BEGIN_ERR 
26 Small mesh segment detected on body : RadiatingSurface
 Small mesh segment detected on body : RadiatingSurface 
 Segment Statistics - Number of Segments : 1 --- Segment length(s) : 0.003497mm. The cutoff frequency for S-Matrix Only Solve is 857.263579940467kHz 
2 -1  27  # nfids, fids[]
2 42  -1  # nbids, bids[]
      3 2 1 0 #ntets ntri ned npts
           1.1097880171347427e+01   4.9756755007159803e-01   4.5548650921729399e+00 #xyz tv0
           1.5670223005324221e+01   2.5217547796695801e+00   3.1340446010648439e+00 #xyz tv1
           1.1996142511717480e+01   5.0189233599544025e-01   3.9165734908554073e-02 #xyz tv2
           1.1996169307675800e+01   4.9840595181726915e-01   3.8893670984244878e-02 -1 42 #xyz tv3 fid bid
           1.2000000000000002e+01   5.0000000000000000e-01   0.0000000000000000e+00 #xyz tv0
           1.1996142511717480e+01   5.0189233599544025e-01   3.9165734908554073e-02 #xyz tv1
           1.5670223005324221e+01   2.5217547796695801e+00   3.1340446010648439e+00 #xyz tv2
           1.1996169307675800e+01   4.9840595181726915e-01   3.8893670984244878e-02 -1 42 #xyz tv3 fid bid
           1.2000000000000002e+01   5.0000000000000000e-01   0.0000000000000000e+00 #xyz tv0
           1.1097880171347427e+01   4.9756755007159803e-01   4.5548650921729399e+00 #xyz tv1
           1.1996142511717480e+01   5.0189233599544025e-01   3.9165734908554073e-02 #xyz tv2
           1.1996169307675800e+01   4.9840595181726915e-01   3.8893670984244878e-02 -1 42 #xyz tv3 fid bid
           1.1996169307675800e+01   4.9840595181726915e-01   3.8893670984244878e-02 #xyz tv0
           1.2000000000000002e+01   5.0000000000000000e-01   0.0000000000000000e+00 #xyz tv1
           1.1996142511717480e+01   5.0189233599544025e-01   3.9165734908554073e-02 27 -1 #xyz tv2 fid bid
           1.1996142511717480e+01   5.0189233599544025e-01   3.9165734908554073e-02 #xyz tv0
           1.1097880171347427e+01   4.9756755007159803e-01   4.5548650921729399e+00 #xyz tv1
           1.1996169307675800e+01   4.9840595181726915e-01   3.8893670984244878e-02 27 -1 #xyz tv2 fid bid
           1.1996142511717480e+01   5.0189233599544025e-01   3.9165734908554073e-02 #xyz ev0
           1.1996169307675800e+01   4.9840595181726915e-01   3.8893670984244878e-02 -1 42 #xyz ev1 fid bid
   0   0.000000000000e+00   0.000000000000e+00   0.000000000000e+00 #flag location
END_ERR 
BEGIN_ERR 
26 Small mesh segment detected on body : RadiatingSurface
 Small mesh segment detected on body : RadiatingSurface 
 Segment Statistics - Number of Segments : 1 --- Segment length(s) : 0.003497mm. The cutoff frequency for S-Matrix Only Solve is 857.26357994044kHz 
2 -1  27  # nfids, fids[]
2 42  -1  # nbids, bids[]
      3 2 1 0 #ntets ntri ned npts
          -4.5548650921729399e+00   4.9756755007159803e-01   1.1097880171347427e+01 #xyz tv0
          -2.1473537264135940e+00   2.1563959167004718e+00   1.4639998911985403e+01 #xyz tv1
          -3.9165734908554087e-02   5.0189233599544036e-01   1.1996142511717480e+01 #xyz tv2
          -3.8893670984244878e-02   4.9840595181726915e-01   1.1996169307675800e+01 -1 42 #xyz tv3 fid bid
           0.0000000000000000e+00   5.0000000000000000e-01   1.2000000000000002e+01 #xyz tv0
          -3.9165734908554087e-02   5.0189233599544036e-01   1.1996142511717480e+01 #xyz tv1
          -2.1473537264135940e+00   2.1563959167004718e+00   1.4639998911985403e+01 #xyz tv2
          -3.8893670984244878e-02   4.9840595181726915e-01   1.1996169307675800e+01 -1 42 #xyz tv3 fid bid
           0.0000000000000000e+00   5.0000000000000000e-01   1.2000000000000002e+01 #xyz tv0
          -4.5548650921729399e+00   4.9756755007159803e-01   1.1097880171347427e+01 #xyz tv1
          -3.9165734908554087e-02   5.0189233599544036e-01   1.1996142511717480e+01 #xyz tv2
          -3.8893670984244878e-02   4.9840595181726915e-01   1.1996169307675800e+01 -1 42 #xyz tv3 fid bid
          -3.9165734908554087e-02   5.0189233599544036e-01   1.1996142511717480e+01 #xyz tv0
          -3.8893670984244878e-02   4.9840595181726915e-01   1.1996169307675800e+01 #xyz tv1
           0.0000000000000000e+00   5.0000000000000000e-01   1.2000000000000002e+01 27 -1 #xyz tv2 fid bid
          -3.9165734908554087e-02   5.0189233599544036e-01   1.1996142511717480e+01 #xyz tv0
          -4.5548650921729399e+00   4.9756755007159803e-01   1.1097880171347427e+01 #xyz tv1
          -3.8893670984244878e-02   4.9840595181726915e-01   1.1996169307675800e+01 27 -1 #xyz tv2 fid bid
          -3.9165734908554087e-02   5.0189233599544036e-01   1.1996142511717480e+01 #xyz ev0
          -3.8893670984244878e-02   4.9840595181726915e-01   1.1996169307675800e+01 -1 42 #xyz ev1 fid bid
   0   0.000000000000e+00   0.000000000000e+00   0.000000000000e+00 #flag location
END_ERR 
